# Freq   Response
      0.00000       1217.8583
     0.505067       1217.8733
      1.01013       1217.9145
      1.51520       1217.8748
      2.02027       1217.8079
      2.52534       1217.8781
      3.03040       1217.8673
      3.53547       1217.8292
      4.04054       1217.8744
      4.54561       1217.7819
      5.05067       1217.7728
      5.55574       1217.8471
      6.06081       1217.7834
      6.56588       1217.8030
      7.07094       1217.7420
      7.57601       1217.7072
      8.08108       1217.7558
      8.58614       1217.7237
      9.09121       1217.7177
      9.59628       1217.6315
      10.1013       1217.6813
      10.6064       1217.6510
      11.1115       1217.5936
      11.6165       1217.5622
      12.1216       1217.5607
      12.6267       1217.5321
      13.1318       1217.4767
      13.6368       1217.5038
      14.1419       1217.5039
      14.6470       1217.4770
      15.1520       1217.4234
      15.6571       1217.2903
      16.1622       1217.2923
      16.6672       1217.2673
      17.1723       1217.2721
      17.6774       1217.1936
      18.1824       1217.1449
      18.6875       1217.1221
      19.1926       1217.1283
      19.6976       1217.0526
      20.2027       1217.0056
      20.7078       1217.0404
      21.2128       1216.9411
      21.7179       1216.9228
      22.2230       1216.8782
      22.7280       1216.8074
      23.2331       1216.7102
      23.7382       1216.6941
      24.2432       1216.6518
      24.7483       1216.6893
      25.2534       1216.5953
      25.7584       1216.5296
      26.2635       1216.4889
      26.7686       1216.3719
      27.2736       1216.3855
      27.7787       1216.3226
      28.2838       1216.2842
      28.7888       1216.2746
      29.2939       1216.1341
      29.7990       1216.0731
      30.3040       1216.0367
      30.8091       1216.0292
      31.3142       1215.9961
      31.8192       1215.9366
      32.3243       1215.8524
      32.8294       1215.6927
      33.3344       1215.6609
      33.8395       1215.6044
      34.3446       1215.6250
      34.8496       1215.4672
      35.3547       1215.4376
      35.8598       1215.3325
      36.3648       1215.3547
      36.8699       1215.2004
      37.3750       1215.1709
      37.8800       1215.0685
      38.3851       1215.0422
      38.8902       1214.8883
      39.3953       1214.8120
      39.9003       1214.8104
      40.4054       1214.6831
      40.9105       1214.6317
      41.4155       1214.5555
      41.9206       1214.4544
      42.4257       1214.4272
      42.9307       1214.2771
      43.4358       1214.2501
      43.9409       1214.1486
      44.4459       1214.0721
      44.9510       1213.9216
      45.4561       1213.8926
      45.9611       1213.7897
      46.4662       1213.7098
      46.9713       1213.6066
      47.4763       1213.4789
      47.9814       1213.3255
      48.4865       1213.2888
      48.9915       1213.1810
      49.4966       1213.0020
      50.0017       1212.9389
      50.5067       1212.7556
      51.0118       1212.6411
      51.5169       1212.5965
      52.0219       1212.3848
      52.5270       1212.2881
      53.0321       1212.1666
      53.5371       1212.0642
      54.0422       1211.8433
      54.5473       1211.7354
      55.0523       1211.5553
      55.5574       1211.4384
      56.0625       1211.2500
      56.5675       1211.0812
      57.0726       1210.9778
      57.5777       1210.7548
      58.0827       1210.5927
      58.5878       1210.4057
      59.0929       1210.1465
      59.5979       1209.9920
      60.1030       1209.7165
      60.6081       1209.5050
      61.1131       1209.3078
      61.6182       1209.0365
      62.1233       1208.7804
      62.6283       1208.5365
      63.1334       1208.3088
      63.6385       1207.9618
      64.1435       1207.6686
      64.6486       1207.3877
      65.1537       1207.1183
      65.6587       1206.8138
      66.1638       1206.4774
      66.6689       1206.1092
      67.1740       1205.7050
      67.6790       1205.3095
      68.1841       1204.9199
      68.6891       1204.4942
      69.1942       1204.0770
      69.6993       1203.6610
      70.2044       1203.1671
      70.7094       1202.6749
      71.2145       1202.1837
      71.7196       1201.6968
      72.2246       1201.1254
      72.7297       1200.5157
      73.2348       1199.9425
      73.7398       1199.3286
      74.2449       1198.6695
      74.7500       1197.9663
      75.2550       1197.2973
      75.7601       1196.5819
      76.2652       1195.8178
      76.7702       1195.0458
      77.2753       1194.2625
      77.7804       1193.4295
      78.2854       1192.5090
      78.7905       1191.6447
      79.2956       1190.6217
      79.8006       1189.6893
      80.3057       1188.6639
      80.8108       1187.6256
      81.3158       1186.4481
      81.8209       1185.3629
      82.3260       1184.1415
      82.8310       1182.9315
      83.3361       1181.6601
      83.8412       1180.3259
      84.3462       1178.8902
      84.8513       1177.4976
      85.3564       1176.0333
      85.8614       1174.4639
      86.3665       1172.9309
      86.8716       1171.2903
      87.3766       1169.6105
      87.8817       1167.8217
      88.3868       1166.0293
      88.8918       1164.1566
      89.3969       1162.2383
      89.9020       1160.2073
      90.4071       1158.1596
      90.9121       1156.0320
      91.4172       1153.7942
      91.9222       1151.4989
      92.4273       1149.1788
      92.9324       1146.7740
      93.4375       1144.2449
      93.9425       1141.7240
      94.4476       1139.0767
      94.9527       1136.3668
      95.4577       1133.5414
      95.9628       1130.6728
      96.4679       1127.6858
      96.9729       1124.6279
      97.4780       1121.5267
      97.9831       1118.2817
      98.4881       1114.9853
      98.9932       1111.6405
      99.4983       1108.1410
      100.003       1104.5803
      100.508       1100.9329
      101.013       1097.1882
      101.519       1093.3198
      102.024       1089.4165
      102.529       1085.3892
      103.034       1081.2837
      103.539       1077.1001
      104.044       1072.8127
      104.549       1068.4219
      105.054       1063.9342
      105.559       1059.3796
      106.064       1054.6947
      106.569       1049.9753
      107.074       1045.1276
      107.579       1040.2116
      108.084       1035.1817
      108.589       1030.0739
      109.095       1024.8755
      109.600       1019.5905
      110.105       1014.2293
      110.610       1008.7684
      111.115       1003.2414
      111.620       997.60153
      112.125       991.90331
      112.630       986.15043
      113.135       980.28728
      113.640       974.35724
      114.145       968.34368
      114.650       962.28436
      115.155       956.12708
      115.660       949.91866
      116.165       943.63684
      116.671       937.30349
      117.176       930.88933
      117.681       924.43174
      118.186       917.92392
      118.691       911.34255
      119.196       904.72199
      119.701       898.04921
      120.206       891.33213
      120.711       884.57643
      121.216       877.77015
      121.721       870.93630
      122.226       864.06273
      122.731       857.15749
      123.236       850.21796
      123.741       843.24968
      124.247       836.26547
      124.752       829.25773
      125.257       822.22478
      125.762       815.17678
      126.267       808.12153
      126.772       801.04707
      127.277       793.97169
      127.782       786.89038
      128.287       779.80021
      128.792       772.71527
      129.297       765.62657
      129.802       758.54811
      130.307       751.47147
      130.812       744.40947
      131.317       737.35452
      131.823       730.30745
      132.328       723.28673
      132.833       716.28212
      133.338       709.29572
      133.843       702.32963
      134.348       695.39203
      134.853       688.47841
      135.358       681.58399
      135.863       674.73049
      136.368       667.90646
      136.873       661.10995
      137.378       654.35685
      137.883       647.62621
      138.388       640.94185
      138.894       634.29123
      139.399       627.68955
      139.904       621.12243
      140.409       614.59732
      140.914       608.12046
      141.419       601.68801
      141.924       595.29644
      142.429       588.95149
      142.934       582.65592
      143.439       576.41608
      143.944       570.21312
      144.449       564.06924
      144.954       557.96891
      145.459       551.91929
      145.964       545.92138
      146.470       539.98013
      146.975       534.09168
      147.480       528.24888
      147.985       522.46165
      148.490       516.73069
      148.995       511.05396
      149.500       505.42586
      150.005       499.85762
      150.510       494.34147
      151.015       488.88716
      151.520       483.47354
      152.025       478.12543
      152.530       472.83114
      153.035       467.57604
      153.540       462.38954
      154.046       457.25368
      154.551       452.17810
      155.056       447.15416
      155.561       442.18910
      156.066       437.27350
      156.571       432.40647
      157.076       427.58822
      157.581       422.84276
      158.086       418.12926
      158.591       413.48513
      159.096       408.88390
      159.601       404.33749
      160.106       399.84537
      160.611       395.40710
      161.116       391.01110
      161.622       386.67071
      162.127       382.37436
      162.632       378.13902
      163.137       373.94501
      163.642       369.80682
      164.147       365.71985
      164.652       361.66879
      165.157       357.67439
      165.662       353.72778
      166.167       349.82856
      166.672       345.97212
      167.177       342.16418
      167.682       338.40056
      168.187       334.68421
      168.692       331.00749
      169.198       327.38136
      169.703       323.79750
      170.208       320.26311
      170.713       316.76258
      171.218       313.31044
      171.723       309.89361
      172.228       306.52940
      172.733       303.19657
      173.238       299.91107
      173.743       296.66127
      174.248       293.45692
      174.753       290.28550
      175.258       287.15840
      175.763       284.06294
      176.268       281.00809
      176.774       277.99396
      177.279       275.01749
      177.784       272.07439
      178.289       269.17322
      178.794       266.30325
      179.299       263.46541
      179.804       260.66927
      180.309       257.90507
      180.814       255.17365
      181.319       252.47460
      181.824       249.81632
      182.329       247.18265
      182.834       244.57913
      183.339       242.01496
      183.844       239.47936
      184.350       236.97451
      184.855       234.50296
      185.360       232.06594
      185.865       229.65046
      186.370       227.26878
      186.875       224.91087
      187.380       222.58928
      187.885       220.28988
      188.390       218.02344
      188.895       215.77947
      189.400       213.56919
      189.905       211.38239
      190.410       209.22512
      190.915       207.08923
      191.421       204.97995
      191.926       202.89903
      192.431       200.84255
      192.936       198.81359
      193.441       196.80612
      193.946       194.82415
      194.451       192.86025
      194.956       190.92974
      195.461       189.01740
      195.966       187.12795
      196.471       185.26306
      196.976       183.41895
      197.481       181.59620
      197.986       179.79769
      198.491       178.01795
      198.997       176.26251
      199.502       174.52654
      200.007       172.80803
      200.512       171.11473
      201.017       169.43834
      201.522       167.78520
      202.027       166.14981
      202.532       164.53296
      203.037       162.93504
      203.542       161.35707
      204.047       159.79913
      204.552       158.25709
      205.057       156.73316
      205.562       155.22846
      206.067       153.74134
      206.573       152.26929
      207.078       150.81534
      207.583       149.38025
      208.088       147.95816
      208.593       146.55448
      209.098       145.16792
      209.603       143.79781
      210.108       142.44142
      210.613       141.10110
      211.118       139.77662
      211.623       138.46852
      212.128       137.17403
      212.633       135.89379
      213.138       134.63030
      213.643       133.38029
      214.149       132.14318
      214.654       130.92124
      215.159       129.71392
      215.664       128.51772
      216.169       127.33613
      216.674       126.16794
      217.179       125.01479
      217.684       123.87137
      218.189       122.74476
      218.694       121.62696
      219.199       120.52441
      219.704       119.43103
      220.209       118.35364
      220.714       117.28543
      221.219       116.23056
      221.725       115.18585
      222.230       114.15408
      222.735       113.13298
      223.240       112.12238
      223.745       111.12590
      224.250       110.13523
      224.755       109.15909
      225.260       108.19395
      225.765       107.23889
      226.270       106.29333
      226.775       105.35690
      227.280       104.43386
      227.785       103.51921
      228.290       102.61193
      228.795       101.71780
      229.301       100.83151
      229.806       99.955298
      230.311       99.089016
      230.816       98.231612
      231.321       97.384373
      231.826       96.542946
      232.331       95.713580
      232.836       94.893527
      233.341       94.079726
      233.846       93.275853
      234.351       92.479919
      234.856       91.691889
      235.361       90.914403
      235.866       90.141993
      236.371       89.380123
      236.877       88.624745
      237.382       87.878087
      237.887       87.139491
      238.392       86.407343
      238.897       85.683058
      239.402       84.966924
      239.907       84.258249
      240.412       83.556619
      240.917       82.861590
      241.422       82.174852
      241.927       81.495378
      242.432       80.821910
      242.937       80.155570
      243.442       79.496301
      243.948       78.843955
      244.453       78.197216
      244.958       77.558039
      245.463       76.923686
      245.968       76.297849
      246.473       75.677326
      246.978       75.063281
      247.483       74.455783
      247.988       73.853375
      248.493       73.257253
      248.998       72.667298
      249.503       72.082994
      250.008       71.505888
      250.513       70.932900
      251.018       70.365483
      251.524       69.804923
      252.029       69.249098
      252.534       68.698865
      253.039       68.154909
      253.544       67.614900
      254.049       67.080917
      254.554       66.552375
      255.059       66.028674
      255.564       65.509771
      256.069       64.996348
      256.574       64.488377
      257.079       63.985155
      257.584       63.485996
      258.089       62.992453
      258.594       62.503753
      259.100       62.018628
      259.605       61.538713
      260.110       61.063602
      260.615       60.593313
      261.120       60.127231
      261.625       59.665337
      262.130       59.208566
      262.635       58.755779
      263.140       58.307009
      263.645       57.862768
      264.150       57.422800
      264.655       56.987251
      265.160       56.555446
      265.665       56.127547
      266.170       55.703434
      266.676       55.283864
      267.181       54.867966
      267.686       54.456112
      268.191       54.048254
      268.696       53.643582
      269.201       53.243200
      269.706       52.846305
      270.211       52.452933
      270.716       52.063649
      271.221       51.677742
      271.726       51.295588
      272.231       50.916375
      272.736       50.541081
      273.241       50.169014
      273.746       49.800559
      274.252       49.435194
      274.757       49.073363
      275.262       48.714884
      275.767       48.359877
      276.272       48.007558
      276.777       47.658490
      277.282       47.313089
      277.787       46.970628
      278.292       46.630918
      278.797       46.294583
      279.302       45.961273
      279.807       45.630441
      280.312       45.302764
      280.817       44.978385
      281.322       44.656704
      281.828       44.337775
      282.333       44.021453
      282.838       43.708397
      283.343       43.398118
      283.848       43.090172
      284.353       42.785342
      284.858       42.483097
      285.363       42.183279
      285.868       41.886751
      286.373       41.591853
      286.878       41.300132
      287.383       41.011111
      287.888       40.724192
      288.393       40.439832
      288.898       40.157781
      289.404       39.878850
      289.909       39.601874
      290.414       39.326896
      290.919       39.054900
      291.424       38.784904
      291.929       38.517232
      292.434       38.252237
      292.939       37.989096
      293.444       37.728824
      293.949       37.469656
      294.454       37.213764
      294.959       36.959378
      295.464       36.707782
      295.969       36.457692
      296.475       36.210225
      296.980       35.964288
      297.485       35.720811
      297.990       35.479390
      298.495       35.240265
      299.000       35.002686
      299.505       34.767319
      300.010       34.533624
      300.515       34.302151
      301.020       34.072723
      301.525       33.845052
      302.030       33.618964
      302.535       33.395199
      303.040       33.173205
      303.545       32.953133
      304.051       32.734501
      304.556       32.517794
      305.061       32.302924
      305.566       32.089969
      306.071       31.878945
      306.576       31.669182
      307.081       31.461401
      307.586       31.254963
      308.091       31.050774
      308.596       30.848081
      309.101       30.646875
      309.606       30.447200
      310.111       30.249042
      310.616       30.052741
      311.121       29.858158
      311.627       29.665149
      312.132       29.473540
      312.637       29.283442
      313.142       29.094714
      313.647       28.907951
      314.152       28.722374
      314.657       28.538349
      315.162       28.355599
      315.667       28.174733
      316.172       27.994957
      316.677       27.816468
      317.182       27.639824
      317.687       27.464286
      318.192       27.290194
      318.697       27.117548
      319.203       26.946176
      319.708       26.776074
      320.213       26.607506
      320.718       26.440278
      321.223       26.274137
      321.728       26.109495
      322.233       25.946057
      322.738       25.784041
      323.243       25.623120
      323.748       25.463466
      324.253       25.305152
      324.758       25.147808
      325.263       24.991745
      325.768       24.837075
      326.273       24.683604
      326.779       24.531114
      327.284       24.379897
      327.789       24.229853
      328.294       24.080767
      328.799       23.933204
      329.304       23.786612
      329.809       23.640917
      330.314       23.496618
      330.819       23.353233
      331.324       23.211064
      331.829       23.069953
      332.334       22.929799
      332.839       22.790799
      333.344       22.652820
      333.849       22.516007
      334.355       22.379932
      334.860       22.245162
      335.365       22.111329
      335.870       21.978371
      336.375       21.846418
      336.880       21.715540
      337.385       21.585749
      337.890       21.456696
      338.395       21.328715
      338.900       21.201694
      339.405       21.075699
      339.910       20.950447
      340.415       20.826256
      340.920       20.702904
      341.426       20.580630
      341.931       20.459076
      342.436       20.338452
      342.941       20.218664
      343.446       20.099861
      343.951       19.981908
      344.456       19.864792
      344.961       19.748452
      345.466       19.633122
      345.971       19.518520
      346.476       19.404822
      346.981       19.291838
      347.486       19.179710
      347.991       19.068442
      348.496       18.957948
      349.001       18.848155
      349.507       18.739445
      350.012       18.631215
      350.517       18.523942
      351.022       18.417275
      351.527       18.311612
      352.032       18.206460
      352.537       18.102264
      353.042       17.998600
      353.547       17.895875
      354.052       17.793811
      354.557       17.692320
      355.062       17.591689
      355.567       17.491782
      356.072       17.392644
      356.578       17.294036
      357.083       17.196180
      357.588       17.099100
      358.093       17.002661
      358.598       16.906858
      359.103       16.811762
      359.608       16.717389
      360.113       16.623540
      360.618       16.530404
      361.123       16.437949
      361.628       16.346099
      362.133       16.254920
      362.638       16.164315
      363.143       16.074437
      363.648       15.985054
      364.154       15.896412
      364.659       15.808389
      365.164       15.720802
      365.669       15.634030
      366.174       15.547706
      366.679       15.462051
      367.184       15.376989
      367.689       15.292475
      368.194       15.208507
      368.699       15.125205
      369.204       15.042350
      369.709       14.960217
      370.214       14.878548
      370.719       14.797297
      371.224       14.716829
      371.730       14.636811
      372.235       14.557365
      372.740       14.478327
      373.245       14.399984
      373.750       14.322118
      374.255       14.244804
      374.760       14.167922
      375.265       14.091676
      375.770       14.015857
      376.275       13.940494
      376.780       13.865774
      377.285       13.791484
      377.790       13.717682
      378.295       13.644339
      378.800       13.571568
      379.306       13.499229
      379.811       13.427397
      380.316       13.355960
      380.821       13.285056
      381.326       13.214591
      381.831       13.144650
      382.336       13.075211
      382.841       13.006135
      383.346       12.937569
      383.851       12.869327
      384.356       12.801705
      384.861       12.734450
      385.366       12.667641
      385.871       12.601226
      386.376       12.535268
      386.882       12.469716
      387.387       12.404640
      387.892       12.339965
      388.397       12.275778
      388.902       12.211967
      389.407       12.148511
      389.912       12.085460
      390.417       12.022913
      390.922       11.960667
      391.427       11.898889
      391.932       11.837472
      392.437       11.776455
      392.942       11.715893
      393.447       11.655610
      393.953       11.595761
      394.458       11.536314
      394.963       11.477255
      395.468       11.418549
      395.973       11.360193
      396.478       11.302244
      396.983       11.244615
      397.488       11.187436
      397.993       11.130610
      398.498       11.074058
      399.003       11.017962
      399.508       10.962159
      400.013       10.906714
      400.518       10.851596
      401.023       10.796870
      401.529       10.742468
      402.034       10.688424
      402.539       10.634685
      403.044       10.581289
      403.549       10.528222
      404.054       10.475549
      404.559       10.423114
      405.064       10.371023
      405.569       10.319297
      406.074       10.267909
      406.579       10.216784
      407.084       10.166007
      407.589       10.115535
      408.094       10.065347
      408.599       10.015554
      409.105       9.9659685
      409.610       9.9167309
      410.115       9.8677857
      410.620       9.8192154
      411.125       9.7708150
      411.630       9.7227802
      412.135       9.6750352
      412.640       9.6275863
      413.145       9.5804421
      413.650       9.5335252
      414.155       9.4869963
      414.660       9.4407001
      415.165       9.3946370
      415.670       9.3489229
      416.175       9.3034578
      416.681       9.2581816
      417.186       9.2133044
      417.691       9.1686229
      418.196       9.1242645
      418.701       9.0801482
      419.206       9.0362734
      419.711       8.9926760
      420.216       8.9493817
      420.721       8.9063260
      421.226       8.8635095
      421.731       8.8209553
      422.236       8.7786695
      422.741       8.7366672
      423.246       8.6948366
      423.751       8.6533038
      424.257       8.6119866
      424.762       8.5709558
      425.267       8.5301454
      425.772       8.4895977
      426.277       8.4492325
      426.782       8.4091725
      427.287       8.3693246
      427.792       8.3296727
      428.297       8.2903208
      428.802       8.2511434
      429.307       8.2122413
      429.812       8.1735650
      430.317       8.1350772
      430.822       8.0968339
      431.327       8.0588352
      431.833       8.0210381
      432.338       7.9834488
      432.843       7.9461150
      433.348       7.9089777
      433.853       7.8720439
      434.358       7.8353280
      434.863       7.7988236
      435.368       7.7625780
      435.873       7.7264700
      436.378       7.6906049
      436.883       7.6549735
      437.388       7.6194905
      437.893       7.5842764
      438.398       7.5491926
      438.904       7.5143597
      439.409       7.4797520
      439.914       7.4452874
      440.419       7.4110537
      440.924       7.3769669
      441.429       7.3431081
      441.934       7.3094471
      442.439       7.2759939
      442.944       7.2427296
      443.449       7.2096420
      443.954       7.1767251
      444.459       7.1439858
      444.964       7.1114694
      445.469       7.0791329
      445.974       7.0469839
      446.479       7.0149841
      446.985       6.9831638
      447.490       6.9515318
      447.995       6.9201072
      448.500       6.8888645
      449.005       6.8577846
      449.510       6.8268584
      450.015       6.7960957
      450.520       6.7655527
      451.025       6.7351450
      451.530       6.7048924
      452.035       6.6748496
      452.540       6.6449517
      453.045       6.6152239
      453.550       6.5856769
      454.056       6.5562664
      454.561       6.5270285
      455.066       6.4979553
      455.571       6.4690287
      456.076       6.4403121
      456.581       6.4117105
      457.086       6.3832985
      457.591       6.3550114
      458.096       6.3268705
      458.601       6.2989233
      459.106       6.2711093
      459.611       6.2434443
      460.116       6.2159299
      460.621       6.1885953
      461.126       6.1613632
      461.632       6.1342948
      462.137       6.1073824
      462.642       6.0806410
      463.147       6.0540325
      463.652       6.0275592
      464.157       6.0011959
      464.662       5.9750326
      465.167       5.9489819
      465.672       5.9230793
      466.177       5.8973256
      466.682       5.8717243
      467.187       5.8462373
      467.692       5.8208907
      468.197       5.7956531
      468.702       5.7705739
      469.208       5.7456633
      469.713       5.7208333
      470.218       5.6961692
      470.723       5.6716198
      471.228       5.6472149
      471.733       5.6229531
      472.238       5.5987875
      472.743       5.5747690
      473.248       5.5508772
      473.753       5.5271339
      474.258       5.5034807
      474.763       5.4799803
      475.268       5.4566012
      475.773       5.4333263
      476.278       5.4101723
      476.784       5.3871753
      477.289       5.3642841
      477.794       5.3415066
      478.299       5.3188478
      478.804       5.2963199
      479.309       5.2738945
      479.814       5.2516036
      480.319       5.2294134
      480.824       5.2073518
      481.329       5.1854248
      481.834       5.1635896
      482.339       5.1418702
      482.844       5.1202587
      483.349       5.0987618
      483.854       5.0773832
      484.360       5.0561151
      484.865       5.0349508
      485.370       5.0138956
      485.875       4.9929550
      486.380       4.9721423
      486.885       4.9514151
      487.390       4.9308137
      487.895       4.9102890
      488.400       4.8899044
      488.905       4.8696181
      489.410       4.8494239
      489.915       4.8293239
      490.420       4.8093565
      490.925       4.7894712
      491.431       4.7697043
      491.936       4.7500037
      492.441       4.7304207
      492.946       4.7109517
      493.451       4.6915851
      493.956       4.6722994
      494.461       4.6531367
      494.966       4.6340416
      495.471       4.6150668
      495.976       4.5961726
      496.481       4.5773841
      496.986       4.5587001
      497.491       4.5400874
      497.996       4.5215956
      498.501       4.5031889
      499.007       4.4848532
      499.512       4.4666293
      500.017       4.4484851
